translation: 
  x: 0.01185524852091389
  y: -0.02569462330148611
  z: 0.07128557290494696
rotation: 
  x: 0.6468698017615132
  y: -0.2542335707423363
  z: 0.6650909062427098
  w: 0.27309126223640573
