image_width: 640
image_height: 480
camera_name: depth_PS1080_PrimeSense
camera_matrix:
  rows: 3
  cols: 3
  data: [572.091500076391, 0, 320.3376541035947, 0, 572.2230215990771, 238.95557211773593, 0, 0, 1]
distortion_model: plumb_bob
distortion_coefficients:
  rows: 1
  cols: 5
  data: [-0.033832054334793846, 0.016641722689118114, -0.0011376517545957235, 0.000757620906708069, 0.]
rectification_matrix:
  rows: 3
  cols: 3
  data: [1, 0, 0, 0, 1, 0, 0, 0, 1]
projection_matrix:
  rows: 3
  cols: 4
  data: [572.091500076391, 0, 320.3376541035947, 0, 0, 572.2230215990771, 238.95557211773593, 0, 0, 0, 1, 0]

