image: map_edited.pgm
resolution: 0.150000
origin: [-12.450000, -41.549998, 0.0]
negate: 0
occupied_thresh: 0.65
free_thresh: 0.196
