image: map.pgm
resolution: 0.200000
origin: [-16.000000, -25.800001, 0.0]
negate: 0
occupied_thresh: 0.65
free_thresh: 0.196
