image: map.pgm
resolution: 0.200000
origin: [-16.399999, -28.399999, 0.0]
negate: 0
occupied_thresh: 0.65
free_thresh: 0.196
